0.00000 44.10000 0.07421 0.44100 
0.25000 43.50000 0.07421 0.43500 
0.50000 48.60000 0.07421 0.48600 
0.75000 53.70000 0.07421 0.53700 
1.00000 53.70000 0.07421 0.53700 
1.25000 56.90000 0.07421 0.56900 
1.50000 62.00000 0.07421 0.62000 
1.75000 64.60000 0.07421 0.64600 
2.00000 64.60000 0.07421 0.64600 
2.25000 68.40000 0.07421 0.68400 
2.50000 71.60000 0.07421 0.71600 
2.75000 71.60000 0.07421 0.71600 
3.00000 71.60000 0.07421 0.71600 
3.25000 72.30000 0.07421 0.72300 
3.50000 74.20000 0.07421 0.74200 
3.75000 71.60000 0.07421 0.71600 
4.00000 69.70000 0.07421 0.69700 
4.25000 69.70000 0.07421 0.69700 
4.50000 69.10000 0.07421 0.69100 
4.75000 64.60000 0.07421 0.64600 
5.00000 62.70000 0.07421 0.62700 
5.25000 61.40000 0.07421 0.61400 
5.50000 58.80000 0.07421 0.58800 
5.75000 54.40000 0.07421 0.54400 
6.00000 52.40000 0.07421 0.52400 
6.25000 51.20000 0.07421 0.51200 
6.50000 48.00000 0.07421 0.48000 
6.75000 44.80000 0.07421 0.44800 
7.00000 43.50000 0.07421 0.43500 
7.25000 41.60000 0.07421 0.41600 
7.50000 39.00000 0.07421 0.39000 
7.75000 38.40000 0.07421 0.38400 
8.00000 38.40000 0.07421 0.38400 
8.25000 38.40000 0.07421 0.38400 
8.50000 37.10000 0.07421 0.37100 
8.75000 38.40000 0.07421 0.38400 
9.00000 39.00000 0.07421 0.39000 
9.25000 39.00000 0.07421 0.39000 
9.50000 40.90000 0.07421 0.40900 
9.75000 41.60000 0.07421 0.41600 
10.00000 44.10000 0.07421 0.44100 
10.25000 46.00000 0.07421 0.46000 
10.50000 47.30000 0.07421 0.47300 
10.75000 51.20000 0.07421 0.51200 
11.00000 52.40000 0.07421 0.52400 
11.25000 54.40000 0.07421 0.54400 
11.50000 56.30000 0.07421 0.56300 
11.75000 58.80000 0.07421 0.58800 
12.00000 59.50000 0.07421 0.59500 
12.25000 61.40000 0.07421 0.61400 
12.50000 62.00000 0.07421 0.62000 
12.75000 64.00000 0.07421 0.64000 
13.00000 64.60000 0.07421 0.64600 
13.25000 64.60000 0.07421 0.64600 
13.50000 64.60000 0.07421 0.64600 
13.75000 64.60000 0.07421 0.64600 
14.00000 64.00000 0.07421 0.64000 
14.25000 64.00000 0.07421 0.64000 
14.50000 62.70000 0.07421 0.62700 
14.75000 61.40000 0.07421 0.61400 
15.00000 59.50000 0.07421 0.59500 
15.25000 58.80000 0.07421 0.58800 
15.50000 56.90000 0.07421 0.56900 
15.75000 56.30000 0.07421 0.56300 
16.00000 53.70000 0.07421 0.53700 
16.25000 51.80000 0.07421 0.51800 
16.50000 51.20000 0.07421 0.51200 
16.75000 48.60000 0.07421 0.48600 
17.00000 46.70000 0.07421 0.46700 
17.25000 46.00000 0.07421 0.46000 
17.50000 46.00000 0.07421 0.46000 
17.75000 44.10000 0.07421 0.44100 
18.00000 43.50000 0.07421 0.43500 
18.25000 43.50000 0.07421 0.43500 
18.50000 43.50000 0.07421 0.43500 
18.75000 43.50000 0.07421 0.43500 
19.00000 43.50000 0.07421 0.43500 
19.25000 43.50000 0.07421 0.43500 
19.50000 44.10000 0.07421 0.44100 
19.75000 44.80000 0.07421 0.44800 
20.00000 46.00000 0.07421 0.46000 
20.25000 46.70000 0.07421 0.46700 
20.50000 48.60000 0.07421 0.48600 
20.75000 49.90000 0.07421 0.49900 
21.00000 51.20000 0.07421 0.51200 
21.25000 52.40000 0.07421 0.52400 
21.50000 53.70000 0.07421 0.53700 
21.75000 54.40000 0.07421 0.54400 
22.00000 56.30000 0.07421 0.56300 
22.25000 56.90000 0.07421 0.56900 
22.50000 57.60000 0.07421 0.57600 
22.75000 59.50000 0.07421 0.59500 
23.00000 59.50000 0.07421 0.59500 
23.25000 59.50000 0.07421 0.59500 
23.50000 60.10000 0.07421 0.60100 
23.75000 60.10000 0.07421 0.60100 
24.00000 60.10000 0.07421 0.60100 
24.25000 59.50000 0.07421 0.59500 
24.50000 59.50000 0.07421 0.59500 
24.75000 59.50000 0.07421 0.59500 
25.00000 58.80000 0.07421 0.58800 
25.25000 56.90000 0.07421 0.56900 
25.50000 56.30000 0.07421 0.56300 
25.75000 56.30000 0.07421 0.56300 
26.00000 54.40000 0.07421 0.54400 
26.25000 53.70000 0.07421 0.53700 
26.50000 51.80000 0.07421 0.51800 
26.75000 51.20000 0.07421 0.51200 
27.00000 51.20000 0.07421 0.51200 
27.25000 49.20000 0.07421 0.49200 
27.50000 48.60000 0.07421 0.48600 
27.75000 48.60000 0.07421 0.48600 
28.00000 46.70000 0.07421 0.46700 
28.25000 46.70000 0.07421 0.46700 
28.50000 46.70000 0.07421 0.46700 
28.75000 46.00000 0.07421 0.46000 
29.00000 46.00000 0.07421 0.46000 
29.25000 46.70000 0.07421 0.46700 
29.50000 46.70000 0.07421 0.46700 
29.75000 46.70000 0.07421 0.46700 
30.00000 46.70000 0.07421 0.46700 
30.25000 48.60000 0.07421 0.48600 
30.50000 49.20000 0.07421 0.49200 
30.75000 49.90000 0.07421 0.49900 
31.00000 51.20000 0.07421 0.51200 
31.25000 51.80000 0.07421 0.51800 
31.50000 52.40000 0.07421 0.52400 
31.75000 53.70000 0.07421 0.53700 
32.00000 54.40000 0.07421 0.54400 
32.25000 54.40000 0.07421 0.54400 
32.50000 56.30000 0.07421 0.56300 
32.75000 56.30000 0.07421 0.56300 
33.00000 56.90000 0.07421 0.56900 
33.25000 56.90000 0.07421 0.56900 
33.50000 57.60000 0.07421 0.57600 
33.75000 57.60000 0.07421 0.57600 
34.00000 57.60000 0.07421 0.57600 
34.25000 57.60000 0.07421 0.57600 
34.50000 56.90000 0.07421 0.56900 
34.75000 56.90000 0.07421 0.56900 
35.00000 56.90000 0.07421 0.56900 
35.25000 56.30000 0.07421 0.56300 
35.50000 56.30000 0.07421 0.56300 
35.75000 56.30000 0.07421 0.56300 
36.00000 54.40000 0.07421 0.54400 
36.25000 54.40000 0.07421 0.54400 
36.50000 53.70000 0.07421 0.53700 
36.75000 53.10000 0.07421 0.53100 
37.00000 51.80000 0.07421 0.51800 
37.25000 51.80000 0.07421 0.51800 
37.50000 51.20000 0.07421 0.51200 
37.75000 51.20000 0.07421 0.51200 
38.00000 49.90000 0.07421 0.49900 
38.25000 49.20000 0.07421 0.49200 
38.50000 49.20000 0.07421 0.49200 
38.75000 49.20000 0.07421 0.49200 
39.00000 49.20000 0.07421 0.49200 
39.25000 49.20000 0.07421 0.49200 
39.50000 49.20000 0.07421 0.49200 
39.75000 49.20000 0.07421 0.49200 
40.00000 49.90000 0.07421 0.49900 
40.25000 49.90000 0.07421 0.49900 
40.50000 49.90000 0.07421 0.49900 
40.75000 51.20000 0.07421 0.51200 
41.00000 51.80000 0.07421 0.51800 
41.25000 51.80000 0.07421 0.51800 
41.50000 52.40000 0.07421 0.52400 
41.75000 53.70000 0.07421 0.53700 
42.00000 53.70000 0.07421 0.53700 
42.25000 54.40000 0.07421 0.54400 
42.50000 54.40000 0.07421 0.54400 
42.75000 54.40000 0.07421 0.54400 
43.00000 54.40000 0.07421 0.54400 
43.25000 56.30000 0.07421 0.56300 
43.50000 56.30000 0.07421 0.56300 
43.75000 56.30000 0.07421 0.56300 
44.00000 56.30000 0.07421 0.56300 
44.25000 56.30000 0.07421 0.56300 
44.50000 56.30000 0.07421 0.56300 
44.75000 56.30000 0.07421 0.56300 
45.00000 56.30000 0.07421 0.56300 
45.25000 56.30000 0.07421 0.56300 
45.50000 56.30000 0.07421 0.56300 
45.75000 56.30000 0.07421 0.56300 
46.00000 54.40000 0.07421 0.54400 
46.25000 54.40000 0.07421 0.54400 
46.50000 54.40000 0.07421 0.54400 
46.75000 53.70000 0.07421 0.53700 
47.00000 53.70000 0.07421 0.53700 
47.25000 52.40000 0.07421 0.52400 
47.50000 51.80000 0.07421 0.51800 
47.75000 51.80000 0.07421 0.51800 
48.00000 51.80000 0.07421 0.51800 
48.25000 51.20000 0.07421 0.51200 
48.50000 51.20000 0.07421 0.51200 
48.75000 51.20000 0.07421 0.51200 
49.00000 51.20000 0.07421 0.51200 
49.25000 51.20000 0.07421 0.51200 
49.50000 51.20000 0.07421 0.51200 
49.75000 51.20000 0.07421 0.51200 
50.00000 51.20000 0.07421 0.51200 
50.25000 51.20000 0.07421 0.51200 
50.50000 51.20000 0.07421 0.51200 
50.75000 51.80000 0.07421 0.51800 
51.00000 51.80000 0.07421 0.51800 
51.25000 51.80000 0.07421 0.51800 
51.50000 52.40000 0.07421 0.52400 
51.75000 52.40000 0.07421 0.52400 
52.00000 53.70000 0.07421 0.53700 
52.25000 53.70000 0.07421 0.53700 
52.50000 54.40000 0.07421 0.54400 
52.75000 54.40000 0.07421 0.54400 
53.00000 54.40000 0.07421 0.54400 
53.25000 54.40000 0.07421 0.54400 
53.50000 54.40000 0.07421 0.54400 
53.75000 54.40000 0.07421 0.54400 
54.00000 54.40000 0.07421 0.54400 
54.25000 54.40000 0.07421 0.54400 
54.50000 54.40000 0.07421 0.54400 
54.75000 54.40000 0.07421 0.54400 
55.00000 54.40000 0.07421 0.54400 
55.25000 54.40000 0.07421 0.54400 
55.50000 54.40000 0.07421 0.54400 
55.75000 54.40000 0.07421 0.54400 
56.00000 54.40000 0.07421 0.54400 
56.25000 54.40000 0.07421 0.54400 
56.50000 54.40000 0.07421 0.54400 
56.75000 54.40000 0.07421 0.54400 
57.00000 53.70000 0.07421 0.53700 
57.25000 53.70000 0.07421 0.53700 
57.50000 53.70000 0.07421 0.53700 
57.75000 53.70000 0.07421 0.53700 
58.00000 53.70000 0.07421 0.53700 
58.25000 52.40000 0.07421 0.52400 
58.50000 52.40000 0.07421 0.52400 
58.75000 51.80000 0.07421 0.51800 
59.00000 51.80000 0.07421 0.51800 
59.25000 51.80000 0.07421 0.51800 
59.50000 51.80000 0.07421 0.51800 
59.75000 51.80000 0.07421 0.51800 
60.00000 51.80000 0.07421 0.51800 
60.25000 51.80000 0.07421 0.51800 
60.50000 51.80000 0.07421 0.51800 
60.75000 52.40000 0.07421 0.52400 
61.00000 52.40000 0.07421 0.52400 
61.25000 52.40000 0.07421 0.52400 
61.50000 52.40000 0.07421 0.52400 
61.75000 52.40000 0.07421 0.52400 
62.00000 53.70000 0.07421 0.53700 
62.25000 53.70000 0.07421 0.53700 
62.50000 53.70000 0.07421 0.53700 
62.75000 54.40000 0.07421 0.54400 
63.00000 54.40000 0.07421 0.54400 
63.25000 54.40000 0.07421 0.54400 
63.50000 54.40000 0.07421 0.54400 
63.75000 54.40000 0.07421 0.54400 
64.00000 54.40000 0.07421 0.54400 
64.25000 54.40000 0.07421 0.54400 
64.50000 54.40000 0.07421 0.54400 
64.75000 54.40000 0.07421 0.54400 
65.00000 54.40000 0.07421 0.54400 
65.25000 54.40000 0.07421 0.54400 
65.50000 54.40000 0.07421 0.54400 
65.75000 54.40000 0.07421 0.54400 
66.00000 54.40000 0.07421 0.54400 
66.25000 54.40000 0.07421 0.54400 
66.50000 54.40000 0.07421 0.54400 
66.75000 54.40000 0.07421 0.54400 
67.00000 54.40000 0.07421 0.54400 
67.25000 53.70000 0.07421 0.53700 
67.50000 53.70000 0.07421 0.53700 
67.75000 53.70000 0.07421 0.53700 
68.00000 53.70000 0.07421 0.53700 
68.25000 53.70000 0.07421 0.53700 
68.50000 53.70000 0.07421 0.53700 
68.75000 53.70000 0.07421 0.53700 
69.00000 53.70000 0.07421 0.53700 
69.25000 53.70000 0.07421 0.53700 
69.50000 53.70000 0.07421 0.53700 
69.75000 53.70000 0.07421 0.53700 
70.00000 53.70000 0.07421 0.53700 
70.25000 53.70000 0.07421 0.53700 
70.50000 53.70000 0.07421 0.53700 
70.75000 53.70000 0.07421 0.53700 
71.00000 53.70000 0.07421 0.53700 
71.25000 53.70000 0.07421 0.53700 
71.50000 53.70000 0.07421 0.53700 
71.75000 53.70000 0.07421 0.53700 
72.00000 53.70000 0.07421 0.53700 
72.25000 53.70000 0.07421 0.53700 
72.50000 53.70000 0.07421 0.53700 
72.75000 53.70000 0.07421 0.53700 
73.00000 54.40000 0.07421 0.54400 
73.25000 54.40000 0.07421 0.54400 
73.50000 54.40000 0.07421 0.54400 
73.75000 54.40000 0.07421 0.54400 
74.00000 54.40000 0.07421 0.54400 
74.25000 54.40000 0.07421 0.54400 
74.50000 54.40000 0.07421 0.54400 
74.75000 54.40000 0.07421 0.54400 
75.00000 54.40000 0.07421 0.54400 
75.25000 54.40000 0.07421 0.54400 
75.50000 54.40000 0.07421 0.54400 
75.75000 54.40000 0.07421 0.54400 
76.00000 54.40000 0.07421 0.54400 
76.25000 54.40000 0.07421 0.54400 
76.50000 54.40000 0.07421 0.54400 
76.75000 54.40000 0.07421 0.54400 
77.00000 54.40000 0.07421 0.54400 
77.25000 54.40000 0.07421 0.54400 
77.50000 54.40000 0.07421 0.54400 
77.75000 53.70000 0.07421 0.53700 
78.00000 53.70000 0.07421 0.53700 
78.25000 53.70000 0.07421 0.53700 
78.50000 53.70000 0.07421 0.53700 
78.75000 53.70000 0.07421 0.53700 
79.00000 53.70000 0.07421 0.53700 
79.25000 53.70000 0.07421 0.53700 
79.50000 53.70000 0.07421 0.53700 
79.75000 53.70000 0.07421 0.53700 
80.00000 53.70000 0.07421 0.53700 
80.25000 53.70000 0.07421 0.53700 
80.50000 53.70000 0.07421 0.53700 
80.75000 53.70000 0.07421 0.53700 
81.00000 53.70000 0.07421 0.53700 
81.25000 53.70000 0.07421 0.53700 
81.50000 53.70000 0.07421 0.53700 
81.75000 53.70000 0.07421 0.53700 
82.00000 53.70000 0.07421 0.53700 
82.25000 53.70000 0.07421 0.53700 
82.50000 51.80000 0.07421 0.51800 
82.75000 49.20000 0.07421 0.49200 
83.00000 48.60000 0.07421 0.48600 
83.25000 46.00000 0.07421 0.46000 
83.50000 43.50000 0.07421 0.43500 
83.75000 40.90000 0.07421 0.40900 
84.00000 38.40000 0.07421 0.38400 
84.25000 35.80000 0.07421 0.35800 
84.50000 33.20000 0.07421 0.33200 
84.75000 30.70000 0.07421 0.30700 
85.00000 28.10000 0.07421 0.28100 
85.25000 25.60000 0.07421 0.25600 
85.50000 23.00000 0.07421 0.23000 
85.75000 21.10000 0.07421 0.21100 
86.00000 20.40000 0.07421 0.20400 
86.25000 18.50000 0.07421 0.18500 
86.50000 17.90000 0.07421 0.17900 
86.75000 17.90000 0.07421 0.17900 
87.00000 17.90000 0.07421 0.17900 
87.25000 18.50000 0.07421 0.18500 
87.50000 20.40000 0.07421 0.20400 
87.75000 21.10000 0.07421 0.21100 
88.00000 23.00000 0.07421 0.23000 
88.25000 24.30000 0.07421 0.24300 
88.50000 26.20000 0.07421 0.26200 
88.75000 28.10000 0.07421 0.28100 
89.00000 30.70000 0.07421 0.30700 
89.25000 33.20000 0.07421 0.33200 
89.50000 35.80000 0.07421 0.35800 
89.75000 37.10000 0.07421 0.37100 
90.00000 39.00000 0.07421 0.39000 
90.25000 41.60000 0.07421 0.41600 
90.50000 43.50000 0.07421 0.43500 
90.75000 44.10000 0.07421 0.44100 
91.00000 46.00000 0.07421 0.46000 
91.25000 46.70000 0.07421 0.46700 
91.50000 46.70000 0.07421 0.46700 
91.75000 46.70000 0.07421 0.46700 
92.00000 46.70000 0.07421 0.46700 
92.25000 46.70000 0.07421 0.46700 
92.50000 46.70000 0.07421 0.46700 
92.75000 46.00000 0.07421 0.46000 
93.00000 44.10000 0.07421 0.44100 
93.25000 43.50000 0.07421 0.43500 
93.50000 41.60000 0.07421 0.41600 
93.75000 40.90000 0.07421 0.40900 
94.00000 38.40000 0.07421 0.38400 
94.25000 37.10000 0.07421 0.37100 
94.50000 35.80000 0.07421 0.35800 
94.75000 33.20000 0.07421 0.33200 
95.00000 31.30000 0.07421 0.31300 
95.25000 30.70000 0.07421 0.30700 
95.50000 28.80000 0.07421 0.28800 
95.75000 28.10000 0.07421 0.28100 
96.00000 26.20000 0.07421 0.26200 
96.25000 25.60000 0.07421 0.25600 
96.50000 25.60000 0.07421 0.25600 
96.75000 25.60000 0.07421 0.25600 
97.00000 25.60000 0.07421 0.25600 
97.25000 25.60000 0.07421 0.25600 
97.50000 25.60000 0.07421 0.25600 
97.75000 25.60000 0.07421 0.25600 
98.00000 26.20000 0.07421 0.26200 
98.25000 28.10000 0.07421 0.28100 
98.50000 28.80000 0.07421 0.28800 
98.75000 30.70000 0.07421 0.30700 
99.00000 31.30000 0.07421 0.31300 
99.25000 33.20000 0.07421 0.33200 
99.50000 33.90000 0.07421 0.33900 
99.75000 35.80000 0.07421 0.35800 
100.00000 37.10000 0.07421 0.37100 
100.25000 38.40000 0.07421 0.38400 
100.50000 39.00000 0.07421 0.39000 
100.75000 40.90000 0.07421 0.40900 
101.00000 41.60000 0.07421 0.41600 
101.25000 42.20000 0.07421 0.42200 
101.50000 42.20000 0.07421 0.42200 
101.75000 43.50000 0.07421 0.43500 
102.00000 43.50000 0.07421 0.43500 
102.25000 43.50000 0.07421 0.43500 
102.50000 43.50000 0.07421 0.43500 
102.75000 43.50000 0.07421 0.43500 
103.00000 41.60000 0.07421 0.41600 
103.25000 40.90000 0.07421 0.40900 
103.50000 40.90000 0.07421 0.40900 
103.75000 39.00000 0.07421 0.39000 
104.00000 38.40000 0.07421 0.38400 
104.25000 37.10000 0.07421 0.37100 
104.50000 35.80000 0.07421 0.35800 
104.75000 35.80000 0.07421 0.35800 
105.00000 33.90000 0.07421 0.33900 
105.25000 33.20000 0.07421 0.33200 
105.50000 31.30000 0.07421 0.31300 
105.75000 30.70000 0.07421 0.30700 
106.00000 30.70000 0.07421 0.30700 
106.25000 30.70000 0.07421 0.30700 
106.50000 28.80000 0.07421 0.28800 
106.75000 28.80000 0.07421 0.28800 
107.00000 28.80000 0.07421 0.28800 
107.25000 28.80000 0.07421 0.28800 
107.50000 28.80000 0.07421 0.28800 
107.75000 28.80000 0.07421 0.28800 
108.00000 28.80000 0.07421 0.28800 
108.25000 28.80000 0.07421 0.28800 
108.50000 30.70000 0.07421 0.30700 
108.75000 31.30000 0.07421 0.31300 
109.00000 32.00000 0.07421 0.32000 
109.25000 33.20000 0.07421 0.33200 
109.50000 33.90000 0.07421 0.33900 
109.75000 33.90000 0.07421 0.33900 
110.00000 35.80000 0.07421 0.35800 
110.25000 37.10000 0.07421 0.37100 
110.50000 37.10000 0.07421 0.37100 
110.75000 38.40000 0.07421 0.38400 
111.00000 39.00000 0.07421 0.39000 
111.25000 39.00000 0.07421 0.39000 
111.50000 39.60000 0.07421 0.39600 
111.75000 39.60000 0.07421 0.39600 
112.00000 40.90000 0.07421 0.40900 
112.25000 40.90000 0.07421 0.40900 
112.50000 40.90000 0.07421 0.40900 
112.75000 40.90000 0.07421 0.40900 
113.00000 40.90000 0.07421 0.40900 
113.25000 39.00000 0.07421 0.39000 
113.50000 39.00000 0.07421 0.39000 
113.75000 38.40000 0.07421 0.38400 
114.00000 38.40000 0.07421 0.38400 
114.25000 37.10000 0.07421 0.37100 
114.50000 36.40000 0.07421 0.36400 
114.75000 35.80000 0.07421 0.35800 
115.00000 35.80000 0.07421 0.35800 
115.25000 33.90000 0.07421 0.33900 
115.50000 33.20000 0.07421 0.33200 
115.75000 33.20000 0.07421 0.33200 
116.00000 33.20000 0.07421 0.33200 
116.25000 32.00000 0.07421 0.32000 
116.50000 31.30000 0.07421 0.31300 
116.75000 31.30000 0.07421 0.31300 
117.00000 30.70000 0.07421 0.30700 
117.25000 30.70000 0.07421 0.30700 
117.50000 30.70000 0.07421 0.30700 
117.75000 31.30000 0.07421 0.31300 
118.00000 31.30000 0.07421 0.31300 
118.25000 31.30000 0.07421 0.31300 
118.50000 32.00000 0.07421 0.32000 
118.75000 32.00000 0.07421 0.32000 
119.00000 33.20000 0.07421 0.33200 
119.25000 33.90000 0.07421 0.33900 
119.50000 33.90000 0.07421 0.33900 
119.75000 33.90000 0.07421 0.33900 
120.00000 35.80000 0.07421 0.35800 
120.25000 35.80000 0.07421 0.35800 
120.50000 36.40000 0.07421 0.36400 
120.75000 37.10000 0.07421 0.37100 
121.00000 37.10000 0.07421 0.37100 
121.25000 38.40000 0.07421 0.38400 
121.50000 38.40000 0.07421 0.38400 
121.75000 38.40000 0.07421 0.38400 
122.00000 39.00000 0.07421 0.39000 
122.25000 39.00000 0.07421 0.39000 
122.50000 39.00000 0.07421 0.39000 
122.75000 39.00000 0.07421 0.39000 
123.00000 39.00000 0.07421 0.39000 
123.25000 38.40000 0.07421 0.38400 
123.50000 38.40000 0.07421 0.38400 
123.75000 38.40000 0.07421 0.38400 
124.00000 38.40000 0.07421 0.38400 
124.25000 37.10000 0.07421 0.37100 
124.50000 36.40000 0.07421 0.36400 
124.75000 35.80000 0.07421 0.35800 
125.00000 35.80000 0.07421 0.35800 
125.25000 35.80000 0.07421 0.35800 
125.50000 35.80000 0.07421 0.35800 
125.75000 33.90000 0.07421 0.33900 
126.00000 33.90000 0.07421 0.33900 
126.25000 33.20000 0.07421 0.33200 
126.50000 33.20000 0.07421 0.33200 
126.75000 33.20000 0.07421 0.33200 
127.00000 33.20000 0.07421 0.33200 
127.25000 33.20000 0.07421 0.33200 
127.50000 33.20000 0.07421 0.33200 
127.75000 33.20000 0.07421 0.33200 
128.00000 33.20000 0.07421 0.33200 
128.25000 33.20000 0.07421 0.33200 
128.50000 33.20000 0.07421 0.33200 
128.75000 33.20000 0.07421 0.33200 
129.00000 33.90000 0.07421 0.33900 
129.25000 33.90000 0.07421 0.33900 
129.50000 33.90000 0.07421 0.33900 
129.75000 33.90000 0.07421 0.33900 
130.00000 33.90000 0.07421 0.33900 
130.25000 35.80000 0.07421 0.35800 
130.50000 35.80000 0.07421 0.35800 
130.75000 36.40000 0.07421 0.36400 
131.00000 36.40000 0.07421 0.36400 
131.25000 37.10000 0.07421 0.37100 
131.50000 37.10000 0.07421 0.37100 
131.75000 37.10000 0.07421 0.37100 
132.00000 37.10000 0.07421 0.37100 
132.25000 37.10000 0.07421 0.37100 
132.50000 37.10000 0.07421 0.37100 
132.75000 37.10000 0.07421 0.37100 
133.00000 37.10000 0.07421 0.37100 
133.25000 37.10000 0.07421 0.37100 
133.50000 37.10000 0.07421 0.37100 
133.75000 37.10000 0.07421 0.37100 
134.00000 37.10000 0.07421 0.37100 
134.25000 36.40000 0.07421 0.36400 
134.50000 36.40000 0.07421 0.36400 
134.75000 35.80000 0.07421 0.35800 
135.00000 35.80000 0.07421 0.35800 
135.25000 35.80000 0.07421 0.35800 
135.50000 35.80000 0.07421 0.35800 
135.75000 35.80000 0.07421 0.35800 
136.00000 33.90000 0.07421 0.33900 
136.25000 33.90000 0.07421 0.33900 
136.50000 33.90000 0.07421 0.33900 
136.75000 33.90000 0.07421 0.33900 
137.00000 33.90000 0.07421 0.33900 
137.25000 33.20000 0.07421 0.33200 
137.50000 33.20000 0.07421 0.33200 
137.75000 33.20000 0.07421 0.33200 
138.00000 33.20000 0.07421 0.33200 
138.25000 33.20000 0.07421 0.33200 
138.50000 33.20000 0.07421 0.33200 
138.75000 33.90000 0.07421 0.33900 
139.00000 33.90000 0.07421 0.33900 
139.25000 33.90000 0.07421 0.33900 
139.50000 33.90000 0.07421 0.33900 
139.75000 33.90000 0.07421 0.33900 
140.00000 33.90000 0.07421 0.33900 
140.25000 33.90000 0.07421 0.33900 
140.50000 35.80000 0.07421 0.35800 
140.75000 35.80000 0.07421 0.35800 
141.00000 35.80000 0.07421 0.35800 
141.25000 35.80000 0.07421 0.35800 
141.50000 36.40000 0.07421 0.36400 
141.75000 36.40000 0.07421 0.36400 
142.00000 37.10000 0.07421 0.37100 
142.25000 37.10000 0.07421 0.37100 
142.50000 37.10000 0.07421 0.37100 
142.75000 37.10000 0.07421 0.37100 
143.00000 37.10000 0.07421 0.37100 
143.25000 37.10000 0.07421 0.37100 
143.50000 37.10000 0.07421 0.37100 
143.75000 37.10000 0.07421 0.37100 
144.00000 36.40000 0.07421 0.36400 
144.25000 36.40000 0.07421 0.36400 
144.50000 36.40000 0.07421 0.36400 
144.75000 35.80000 0.07421 0.35800 
145.00000 35.80000 0.07421 0.35800 
145.25000 35.80000 0.07421 0.35800 
145.50000 35.80000 0.07421 0.35800 
145.75000 35.80000 0.07421 0.35800 
146.00000 35.80000 0.07421 0.35800 
146.25000 35.80000 0.07421 0.35800 
146.50000 35.80000 0.07421 0.35800 
146.75000 35.80000 0.07421 0.35800 
147.00000 35.80000 0.07421 0.35800 
147.25000 35.80000 0.07421 0.35800 
147.50000 35.80000 0.07421 0.35800 
147.75000 35.80000 0.07421 0.35800 
148.00000 35.80000 0.07421 0.35800 
148.25000 35.80000 0.07421 0.35800 
148.50000 35.80000 0.07421 0.35800 
148.75000 35.80000 0.07421 0.35800 
149.00000 35.80000 0.07421 0.35800 
149.25000 35.80000 0.07421 0.35800 
149.50000 35.80000 0.07421 0.35800 
149.75000 35.80000 0.07421 0.35800 
150.00000 35.80000 0.07421 0.35800 
150.25000 35.80000 0.07421 0.35800 
150.50000 35.80000 0.07421 0.35800 
150.75000 35.80000 0.07421 0.35800 
151.00000 35.80000 0.07421 0.35800 
151.25000 35.80000 0.07421 0.35800 
151.50000 35.80000 0.07421 0.35800 
151.75000 35.80000 0.07421 0.35800 
152.00000 35.80000 0.07421 0.35800 
152.25000 35.80000 0.07421 0.35800 
152.50000 35.80000 0.07421 0.35800 
152.75000 35.80000 0.07421 0.35800 
153.00000 35.80000 0.07421 0.35800 
153.25000 35.80000 0.07421 0.35800 
153.50000 35.80000 0.07421 0.35800 
153.75000 35.80000 0.07421 0.35800 
154.00000 35.80000 0.07421 0.35800 
154.25000 35.80000 0.07421 0.35800 
154.50000 35.80000 0.07421 0.35800 
154.75000 35.80000 0.07421 0.35800 
155.00000 33.90000 0.07421 0.33900 
155.25000 33.90000 0.07421 0.33900 
155.50000 33.90000 0.07421 0.33900 
155.75000 33.90000 0.07421 0.33900 
156.00000 33.90000 0.07421 0.33900 
156.25000 33.90000 0.07421 0.33900 
156.50000 33.90000 0.07421 0.33900 
156.75000 33.90000 0.07421 0.33900 
157.00000 33.90000 0.07421 0.33900 
157.25000 33.90000 0.07421 0.33900 
157.50000 33.90000 0.07421 0.33900 
157.75000 33.90000 0.07421 0.33900 
158.00000 33.90000 0.07421 0.33900 
158.25000 33.90000 0.07421 0.33900 
158.50000 33.90000 0.07421 0.33900 
158.75000 33.90000 0.07421 0.33900 
159.00000 33.90000 0.07421 0.33900 
159.25000 33.90000 0.07421 0.33900 
159.50000 33.90000 0.07421 0.33900 
159.75000 33.90000 0.07421 0.33900 
160.00000 33.90000 0.07421 0.33900 
160.25000 33.90000 0.07421 0.33900 
