88.50000 25.60000 0.51200
88.75000 23.00000 0.46000
89.00000 20.40000 0.40800
89.25000 17.90000 0.35800
89.50000 16.00000 0.32000
89.75000 15.30000 0.30600
90.00000 13.40000 0.26800
90.25000 13.40000 0.26800
90.50000 12.80000 0.25600
90.75000 13.40000 0.26800
91.00000 13.40000 0.26800
91.25000 14.00000 0.28000
91.50000 15.30000 0.30600
91.75000 16.00000 0.32000
92.00000 18.50000 0.37000
92.25000 20.40000 0.40800
92.50000 21.10000 0.42200
92.75000 23.60000 0.47200
93.00000 26.20000 0.52400
93.25000 28.80000 0.57600
93.50000 30.70000 0.61400
93.75000 31.30000 0.62600
94.00000 33.90000 0.67800
94.25000 36.40000 0.72800
94.50000 36.40000 0.72800
94.75000 39.00000 0.78000
95.00000 39.00000 0.78000
95.25000 40.90000 0.81800
95.50000 40.90000 0.81800
95.75000 40.90000 0.81800
96.00000 40.90000 0.81800
96.25000 40.90000 0.81800
96.50000 39.00000 0.78000
96.75000 39.00000 0.78000
97.00000 39.00000 0.78000
97.25000 36.40000 0.72800
97.50000 36.40000 0.72800
97.75000 33.90000 0.67800
98.00000 30.70000 0.61400
98.25000 28.80000 0.57600
98.50000 28.10000 0.56200
98.75000 25.60000 0.51200
99.00000 23.60000 0.47200
99.25000 23.00000 0.46000
99.50000 21.10000 0.42200
99.75000 20.40000 0.40800
100.00000 20.40000 0.40800
100.25000 18.50000 0.37000
100.50000 18.50000 0.37000
100.75000 18.50000 0.37000
101.00000 18.50000 0.37000
101.25000 18.50000 0.37000
101.50000 18.50000 0.37000
101.75000 20.40000 0.40800
102.00000 21.10000 0.42200
102.25000 21.10000 0.42200
102.50000 23.60000 0.47200
102.75000 23.60000 0.47200
103.00000 26.20000 0.52400
103.25000 26.20000 0.52400
103.50000 28.80000 0.57600
103.75000 28.80000 0.57600
104.00000 31.30000 0.62600
104.25000 31.30000 0.62600
104.50000 33.90000 0.67800
104.75000 33.90000 0.67800
105.00000 33.90000 0.67800
105.25000 33.90000 0.67800
105.50000 36.40000 0.72800
105.75000 36.40000 0.72800
106.00000 36.40000 0.72800
106.25000 36.40000 0.72800
106.50000 36.40000 0.72800
106.75000 36.40000 0.72800
107.00000 36.40000 0.72800
107.25000 33.90000 0.67800
107.50000 33.90000 0.67800
107.75000 33.90000 0.67800
108.00000 31.30000 0.62600
108.25000 31.30000 0.62600
108.50000 28.10000 0.56200
108.75000 28.10000 0.56200
109.00000 26.20000 0.52400
109.25000 25.60000 0.51200
109.50000 25.60000 0.51200
109.75000 23.60000 0.47200
110.00000 23.00000 0.46000
110.25000 23.00000 0.46000
110.50000 23.00000 0.46000
110.75000 23.00000 0.46000
111.00000 23.00000 0.46000
111.25000 23.00000 0.46000
111.50000 23.00000 0.46000
111.75000 23.00000 0.46000
112.00000 23.60000 0.47200
112.25000 23.60000 0.47200
112.50000 24.30000 0.48600
112.75000 25.60000 0.51200
113.00000 26.20000 0.52400
113.25000 26.20000 0.52400
113.50000 28.80000 0.57600
113.75000 28.80000 0.57600
114.00000 28.80000 0.57600
114.25000 28.80000 0.57600
114.50000 31.30000 0.62600
114.75000 31.30000 0.62600
115.00000 31.30000 0.62600
115.25000 31.30000 0.62600
115.50000 31.30000 0.62600
115.75000 33.90000 0.67800
116.00000 33.90000 0.67800
116.25000 33.90000 0.67800
116.50000 33.90000 0.67800
116.75000 33.90000 0.67800
117.00000 33.90000 0.67800
117.25000 33.90000 0.67800
117.50000 31.30000 0.62600
117.75000 31.30000 0.62600
118.00000 31.30000 0.62600
118.25000 31.30000 0.62600
118.50000 28.80000 0.57600
118.75000 28.10000 0.56200
119.00000 28.10000 0.56200
119.25000 26.80000 0.53600
119.50000 26.20000 0.52400
119.75000 25.60000 0.51200
120.00000 25.60000 0.51200
120.25000 25.60000 0.51200
120.50000 25.60000 0.51200
120.75000 25.60000 0.51200
121.00000 25.60000 0.51200
121.25000 25.60000 0.51200
121.50000 25.60000 0.51200
121.75000 25.60000 0.51200
