0.00000 3.97032 0.11361 0.97200 
0.06250 1.22316 0.11361 0.92000 
0.25000 -1.71834 0.11361 0.87000 
0.56250 -5.05417 0.11361 0.81800 
1.00000 -8.58433 0.11361 0.76800 
1.56250 -12.50883 0.11361 0.71600 
2.25000 -16.72766 0.11361 0.66400 
3.06250 -21.14082 0.11361 0.61400 
0.06250 -1.27684 0.11361 0.87000 
0.25000 3.38166 0.11361 0.97200 
0.56250 7.74583 0.11361 1.07400 
1.00000 6.71566 0.11361 1.07400 
1.56250 8.59117 0.11361 1.13800 
2.25000 12.07234 0.11361 1.24000 
3.06250 12.75918 0.11361 1.29200 
4.00000 10.55168 0.11361 1.29200 
